0.000000 0.632231 0.320248 0.632231 0.309917 0.319215 0.556818 0.589876 0.494835
0.632231 0.000000 0.652893 0.501033 0.655992 0.582645 0.321281 0.578512 0.484504
0.320248 0.652893 0.000000 0.691116 0.469008 0.482438 0.622934 0.640496 0.565083
0.632231 0.501033 0.691116 0.000000 0.676653 0.574380 0.350207 0.578512 0.470041
0.309917 0.655992 0.469008 0.676653 0.000000 0.471074 0.610537 0.641529 0.576446
0.319215 0.582645 0.482438 0.574380 0.471074 0.000000 0.466942 0.489669 0.315083
0.556818 0.321281 0.622934 0.350207 0.610537 0.466942 0.000000 0.481405 0.305785
0.589876 0.578512 0.640496 0.578512 0.641529 0.489669 0.481405 0.000000 0.325413
0.494835 0.484504 0.565083 0.470041 0.576446 0.315083 0.305785 0.325413 0.000000
